  -5.0000000000000000        0.0000000000000000     
  -4.9500000000000002        5.5193412443416502E-002
  -4.9000000000000004       0.11038682488683300     
  -4.8499999999999996       0.16383910162030602     
  -4.7999999999999998       0.21470713779057210     
  -4.7500000000000000       0.26218858987192928     
  -4.7000000000000002       0.30553453106207518     
  -4.6500000000000004       0.34406126413387550     
  -4.5999999999999996       0.37716110541849085     
  -4.5499999999999998       0.40431196982367229     
  -4.5000000000000000       0.42508560570235815     
  -4.4500000000000002       0.43915434968266664     
  -4.4000000000000004       0.44629629491508666     
  -4.3499999999999996       0.44639879121790155     
  -4.2999999999999998       0.43946022191291495     
  -4.2500000000000000       0.42559002932537893     
  -4.2000000000000002       0.40500698854591444     
  -4.1500000000000004       0.37803575668244238     
  -4.0999999999999996       0.34510175203091253     
  -4.0499999999999998       0.30672444393586867     
  -4.0000000000000000       0.26350915918014273     
  -3.9500000000000002       0.21613753414181436     
  -3.8999999999999999       0.16535676331693727     
  -3.8500000000000001       0.11196781379150463     
  -3.7999999999999998        5.6812791556248569E-002
  -3.7500000000000000        7.6165893588477139E-004
  -3.7000000000000002       -5.5301487360689260E-002
  -3.6499999999999999      -0.11049236113239090     
  -3.6000000000000001      -0.16394043456681676     
  -3.5499999999999998      -0.21480266910950374     
  -3.5000000000000000      -0.26227681274404885     
  -3.4500000000000002      -0.30561405394456709     
  -3.3999999999999999      -0.34413083270920153     
  -3.3500000000000001      -0.37721962237878909     
  -3.2999999999999998      -0.40435851217863733     
  -3.2500000000000000      -0.42511943933760327     
  -3.2000000000000002      -0.43917494093893872     
  -3.1499999999999999      -0.44630331900569448     
  -3.1000000000000001      -0.44639213735158889     
  -3.0499999999999998      -0.43943999504137565     
  -3.0000000000000000      -0.42555654848784957     
  -2.9500000000000002      -0.40496078183695583     
  -2.8999999999999999      -0.37797755292228369     
  -2.8500000000000001      -0.34503246926974113     
  -2.7999999999999998      -0.30664517497338845     
  -2.7500000000000000      -0.26342115432880181     
  -2.7000000000000002      -0.21604218150557777     
  -2.6499999999999999      -0.16525556689666887     
  -2.6000000000000001      -0.11186236976230257     
  -2.5499999999999998       -5.6704763090912984E-002
  -2.5000000000000000       -6.5274997162810707E-004
  -2.4500000000000002        5.5409558998510640E-002
  -2.3999999999999999       0.11059789082560324     
  -2.3500000000000001       0.16404175779143812     
  -2.2999999999999998       0.21489818769034599     
  -2.2500000000000000       0.26236502006279738     
  -2.2000000000000002       0.30569355870373055     
  -2.1499999999999999       0.34420038087710136     
  -2.1000000000000001       0.37727811696945063     
  -2.0499999999999998       0.40440503055459232     
  -2.0000000000000000       0.42515324776268670     
  -1.9500000000000000       0.43919550615153841     
  -1.8999999999999999       0.44631031662990717     
  -1.8500000000000001       0.44638545701361398     
  -1.8000000000000000       0.43941974211044538     
  -1.7500000000000000       0.42552304241423644     
  -1.7000000000000000       0.40491455111327052     
  -1.6499999999999999       0.37791932674754064     
  -1.6000000000000001       0.34496316604767380     
  -1.5500000000000000       0.30656588782643124     
  -1.5000000000000000       0.26333313385622747     
  -1.4500000000000000       0.21594681605774568     
  -1.3999999999999999       0.16515436067652062     
  -1.3500000000000001       0.11175691909951023     
  -1.3000000000000000        5.6596731262908533E-002
  -1.2500000000000000        5.4384096866346094E-004
  -1.2000000000000000       -5.5517627350468557E-002
  -1.1499999999999999      -0.11070341396020876     
  -1.1000000000000001      -0.16414307128815853     
  -1.0500000000000000      -0.21499369352743161     
  -1.0000000000000000      -0.26245321182294135     
 -0.94999999999999996      -0.30577304533484795     
 -0.90000000000000002      -0.34426990863344814     
 -0.84999999999999998      -0.37733658918700413     
 -0.80000000000000004      -0.40445152494877634     
 -0.75000000000000000      -0.42518703097560184     
 -0.69999999999999996      -0.43921604531924491     
 -0.65000000000000002      -0.44631728778730861     
 -0.59999999999999998      -0.44637875020437184     
 -0.55000000000000004      -0.43939946312132439     
 -0.50000000000000000      -0.42548951110652566     
 -0.45000000000000001      -0.40486829637759914     
 -0.40000000000000002      -0.37786107816166498     
 -0.34999999999999998      -0.34489384236881887     
 -0.29999999999999999      -0.30648658249969746     
 -0.25000000000000000      -0.26324509776763755     
 -0.20000000000000001      -0.21585143780397115     
 -0.14999999999999999      -0.16505314466249177     
 -0.10000000000000001      -0.11165146180937832     
  -5.0000000000000003E-002  -5.6488696078638878E-002
   0.0000000000000000       -4.3493193344649068E-004
   5.0000000000000003E-002   5.5625692410157204E-002
  0.10000000000000001       0.11080893052995250     
  0.14999999999999999       0.16424437505097242     
  0.20000000000000001       0.21508918661509935     
  0.25000000000000000       0.26254138801925314     
  0.29999999999999999       0.30585251383320788     
  0.34999999999999998       0.34433941597412071     
  0.40000000000000002       0.37739503902798438     
  0.45000000000000001       0.40449799535843434     
  0.50000000000000000       0.42522078897434701     
  0.55000000000000004       0.43923655844084164     
  0.59999999999999998       0.44632423247748709     
  0.65000000000000002       0.44637201692426209     
  0.69999999999999996       0.43937915807521710     
  0.75000000000000000       0.42545595456670804     
  0.80000000000000004       0.40482201763268705     
  0.84999999999999998       0.37780280716811354     
  0.90000000000000002       0.34482449823729039     
  0.94999999999999996       0.30640725899789278     
   1.0000000000000000       0.26315704606825568     
   1.0500000000000000       0.21575604674991317     
   1.1000000000000001       0.16495191886058733     
   1.1499999999999999       0.11154599789816329     
   1.2000000000000000        5.6380657544513171E-002
   1.2500000000000000        3.2602287243796440E-004
   1.3000000000000000       -5.5733754171166112E-002
   1.3500000000000001      -0.11091444052857542     
   1.3999999999999999      -0.16434566907387094     
   1.4500000000000000      -0.21518466694768526     
   1.5000000000000000      -0.26262954864650306     
   1.5500000000000000      -0.30593196419409713     
   1.6000000000000001      -0.34440890289499698     
   1.6499999999999999      -0.37745346648892458     
   1.7000000000000000      -0.40454444178081000     
   1.7500000000000000      -0.42525452175691997     
   1.8000000000000000      -0.43925704551511180     
   1.8500000000000001      -0.44633115070003010     
   1.8999999999999999      -0.44636525717368292     
   1.9500000000000000      -0.43935882697332634     
   2.0000000000000000      -0.42542237279677164     
   2.0499999999999998      -0.40477571488127684     
   2.1000000000000001      -0.37774451377033991     
   2.1499999999999999      -0.34475513365719823     
   2.2000000000000002      -0.30632791732571912     
   2.2500000000000000      -0.26306897876330160     
   2.2999999999999998      -0.21566064290122691     
   2.3500000000000001      -0.16485068327680880     
   2.3999999999999999      -0.11144052737211818     
   2.4500000000000002       -5.6272615666937344E-002
   2.5000000000000000       -2.1711379209563171E-004
   2.5499999999999998        5.5841812627087546E-002
   2.6000000000000001       0.11101994394982083     
   2.6499999999999999       0.16444695335084722     
   2.7000000000000002       0.21528013451952693     
   2.7500000000000000       0.26271769369946246     
   2.7999999999999998       0.30601139641280362     
   2.8500000000000001       0.34447836939195564     
   2.8999999999999999       0.37751187156635968     
   2.9500000000000002       0.40459086421314905     
   3.0000000000000000       0.42528822932132038     
   3.0499999999999998       0.43927750654084102     
   3.1000000000000001       0.44633804245452829     
   3.1499999999999999       0.44635847095303660     
   3.2000000000000002       0.43933846981685931     
   3.2500000000000000       0.42538876579870971     
   3.2999999999999998       0.40472938812611603     
   3.3500000000000001       0.37768619797180275     
   3.3999999999999999       0.34468574863265783     
   3.4500000000000002       0.30624855748788365     
   3.5000000000000000       0.26298089585799966     
   3.5499999999999998       0.21556522626357177     
   3.6000000000000001       0.16474943791716118     
   3.6499999999999999       0.11133505023749894     
   3.7000000000000002        5.6164570452319644E-002
   3.7500000000000000        1.0820469887897559E-004
   3.7999999999999998       -5.5949867771512694E-002
   3.8500000000000001      -0.11112544078743172     
   3.8999999999999999      -0.16454822787589460     
   3.9500000000000002      -0.21537558932496298     
   4.0000000000000000      -0.26280582317290446     
   4.0499999999999998      -0.30609081048461728     
   4.0999999999999996      -0.34454781546087759     
   4.1500000000000004      -0.37757025425682639     
   4.2000000000000002      -0.40463726265269845     
   4.2500000000000000      -0.42532191166554917     
   4.2999999999999998      -0.43929794151681512     
   4.3499999999999996      -0.44634490774057184     
   4.4000000000000004      -0.44635165826272422     
   4.4500000000000002      -0.43931808660702193     
   4.5000000000000000      -0.42535513357451393     
   4.5499999999999998      -0.40468303736995059     
   4.5999999999999996      -0.37762785977595903     
   4.6500000000000004      -0.34461634316778245     
   4.7000000000000002      -0.30616917948909084     
   4.7500000000000000      -0.26289279735757159     
   4.7999999999999998      -0.21546979684260423     
   4.8499999999999996      -0.16464818278764659     
   4.9000000000000004      -0.11122956650055872     
   4.9500000000000002       -5.6056521907065650E-002
   5.0000000000000000        7.0440075501614367E-007
